0 1.4142135623730951
1 1.1380509716584493
2 0.9120539998271006
3 0.7430167139924745
4 0.44202483849606056
5 0.44961192425381524
6 0.3070321403024524
7 0.33699208229119215
8 0.31080313908791835
9 0.12177148773974168
10 0.08447902304606898
11 0.004806878565259219
12 0.0011549260298428002
13 0.0009179694010739391
14 0.0002326607647275714
15 9.353805609978974e-05
16 7.471128063905493e-05
17 3.909178258549965e-05
18 9.552722336227424e-06
19 4.077778466186152e-06
20 2.2612743045359536e-06
21 3.3012019254682275e-06
22 1.1897830622167964e-06
