5        133.2069016787097
10        7.678521211948194
15        0.3851612112693424
20        0.7655490575346409
25        0.727374630126371
30        0.1553074864177581
35        0.5718605929000673
40        0.8771189599718531
45        0.28727028038144575
50        0.49425825453756445
55        0.4013476273945448
60        0.29888398234804375
65        1.674440419837533
70        0.192614121531711
75        19.60260190395485
80        0.28123993329099706
85        0.277952961674277
90        0.15109402664760135
95        0.23620499973570003
100        0.17542707047771888
105        0.28424698252723885
110        0.05288892267210411
115        0.04155782406914345
120        0.09426700217510478
125        0.32305422071050627
130        0.035412535254628244
135        0.024376286093338556
140        0.028815249713797866
145        0.047557083381273506
150        0.02239101786536925
155        0.1226692281261611
160        0.022095252981916568
165        0.15432938432404825
170        0.14079906137362042
175        0.14735482714741643
180        0.01861658554980967
185        0.8779032098492068
190        0.06946853429478997
195        0.04847961552391324
200        0.13238789314903732
205        0.14797716272163855
210        0.025131596271478075
215        0.02694784080220793
220        0.03825839513752424
225        0.018359048452952876
230        0.07339522533781057
235        0.12918936105152762
240        0.050654604234738054
245        0.032119603257763925
250        0.04170999082445005
255        0.022622256597563062
260        0.015496232027918925
265        0.04341870615028392
270        0.013915376466326
275        0.01280249818084837
280        0.06557601506437913
285        0.0381503599057756
290        0.03331107266159266
295        0.015009033111356906
300        0.015875467794953482
305        0.020248269254495528
310        0.013350088864544815
315        0.024868158698770536
320        0.020793657633564208
325        0.043586988964071094
330        0.016936325314821248
335        0.03135602657131726
340        0.012751372790337811
345        0.5135122779478636
350        0.017558254610297336
355        0.03131155622518246
360        0.012317463859908995
365        0.06328240373982424
370        0.02320212187838766
375        0.008989199420451205
380        0.010510246346128982
385        0.01782951733100664
390        0.009070443139056318
395        0.10817332961277658
400        0.014629316370633949
405        0.008996517044631003
410        0.017067609731659068
415        0.04028447659003162
420        0.01024310334104254
425        0.0348946533528911
430        0.02719124122991713
435        0.02093297248801693
440        0.013394124738832947
445        0.030357654876942784
450        0.008422910761414895
455        0.00647787073261588
460        0.10799230434664482
465        0.014301828789188436
470        0.02029688335863747
475        0.029355642719452762
480        0.027946480675596592
485        0.008051436827717433
490        0.03624344452958041
495        0.025703301210182605
500        0.022290011261404494
505        0.019161404528986202
510        0.00676565035526329
515        0.010784869237709046
520        0.009791188688056606
525        0.009520740692164933
530        0.0214104915885046
535        0.030432717995672334
540        0.006831630051584234
545        0.014748068725045933
550        0.02720509835399439
555        0.026287408114090825
560        0.008403574906944976
565        0.011876070039466738
570        0.007501264809539851
575        0.004364409503292148
580        0.006060807126678265
585        0.031713528627206305
590        0.007552449916920394
595        0.007738722298737543
600        0.004878283552323949
605        0.009189035348552862
610        0.0138681476940677
615        0.005000686296100841
620        0.01642950042996101
625        0.0074695863869733
630        0.0035020289609601412
635        0.0048374650640494255
640        0.00565222975904898
645        0.007366001598231191
650        0.008690925778798654
655        0.006215152981101646
660        0.024475914699515752
665        0.02579585104696514
670        0.015049352872959191
675        0.009475711166438194
680        0.07337531262750985
685        0.003009971044303082
690        0.016152272769282935
695        0.006467505433848872
700        0.005150432554140427
705        0.006063665402076254
710        0.011116403552637683
715        0.00823619883411857
720        0.013196953913871969
725        0.007483590672645086
730        0.13339859125229617
735        0.006210884522320455
740        0.011173185358611476
745        0.002412903489559776
750        0.012382463049466153
755        0.00880268433434063
760        0.009298598879290987
765        0.003853231619805159
770        0.007407478897044769
775        0.0020706503963072087
780        0.0015885023545175396
785        0.004700625723273717
790        0.0022090206026396213
795        0.003302479513443339
800        0.0016207860949561796
805        0.006156353859273711
810        0.0029023198740488095
815        0.0032243455368135042
820        0.003274329382204226
825        0.007260279556773382
830        0.008755577601734949
835        0.00683653415062429
840        0.0037118159486823187
845        0.0017711859490640402
850        0.001819046518211061
855        0.03549078614950609
860        0.0011737905762704854
865        0.056501523322964514
870        0.002252905736404754
875        0.014655028583252832
880        0.0008288754142714467
885        0.0019131057771342194
890        0.003511484085088626
895        0.001614194358073444
900        0.04600849464059006
905        0.003284911507014766
910        0.00494369420602038
915        0.002522048194237951
920        0.0010587683817998793
925        0.0005321692123152894
930        0.0018094788634117316
935        0.0036194000008123546
940        0.0017933309485447587
945        0.0010142701616377633
950        0.00046031151424634926
955        0.0009421940822913107
960        0.0013834723614488144
965        0.0011657752037263222
970        0.001123508745906989
975        0.0018486024944418613
980        0.0017958372557696106
985        0.0013970105971936682
990        0.0006852475923660991
995        0.0007492594301873434
1000        0.0008909004497289288
1005        0.00038244277970875083
1010        0.0003914431544144005
1015        0.0006987971031396413
1020        0.002558260129161098
1025        0.00046890225605785416
1030        0.0010273189871638903
1035        0.001420258958495707
1040        0.0020941411977575017
1045        0.0012801370520010948
1050        0.0008062163356477559
1055        0.0011629259222482949
1060        0.0023988726560662983
1065        0.0009151114405034392
1070        0.0005141378556751506
1075        0.0009028555224127405
1080        0.0012157318691437217
1085        0.000759434455149957
1090        0.0012622713432135489
1095        0.0024897643841420166
1100        0.0017385014231367703
1105        0.002450192678105975
1110        0.001364889292954874
1115        0.00034096192406407025
1120        0.0005539750396687904
1125        0.0020357409114923437
1130        0.0021202118528807863
1135        0.12059491358421401
1140        0.0008293565290631341
1145        0.0003185740953991723
1150        0.000333755176724693
1155        0.00011628171572262913
1160        0.00011985408739263777
1165        0.00043790353132412224
1170        0.0002557792348172206
1175        0.00026331619650251243
1180        0.0006267841853558908
1185        0.018454245678388607
1190        0.00017780330797097067
1195        0.00020225302474925479
1200        0.0003286854782297262
1205        0.0001582111059130443
1210        0.0005957691957640494
1215        0.0007245693325254081
1220        0.00011864864978376798
1225        0.0003210268233983526
1230        0.0005450590719453225
1235        0.0004681568547218737
1240        0.00012528968420779665
1245        9.557021996893664e-05
1250        0.00047665639344893077
1255        0.000270153049874594
1260        0.00019753984748231712
1265        0.00015460216227698343
1270        9.402775762308239e-05
1275        0.00022186614075288245
1280        0.00011084071104069971
1285        8.2819038783276e-05
1290        9.423894594265416e-05
1295        0.00016528323468708976
1300        0.00011970211730171387
1305        0.00031696011489181994
1310        0.000363683063874913
1315        7.347402339557422e-05
1320        0.0001662081745325597
1325        0.000650379540736915
1330        0.0005276215302652962
1335        0.001048850908411986
1340        0.00032375012258053625
1345        0.00019708279568868316
1350        8.588314940960278e-05
1355        8.727413920035825e-05
1360        0.0008157001732188099
1365        0.00012398145846715788
1370        0.00011404727910893254
1375        9.085429071108756e-05
1380        0.00022045300321998562
1385        0.00026894372321198363
1390        0.0001442905732903043
1395        0.00016222335360834394
1400        0.0002556346301567545
1405        0.00012374474525609676
1410        5.6123072771571786e-05
1415        0.0001876363382654468
1420        0.000135290212886058
1425        0.00010156305015550565
1430        6.575583708655301e-05
1435        0.00019875507784431406
1440        0.00024285949931134276
1445        5.8095736953453515e-05
1450        0.0008492939275551638
1455        8.798497007286549e-05
1460        0.00026324344510917735
1465        0.0002937365518011205
1470        0.00010542892112421909
1475        0.0001102052558502844
1480        0.00017615627061314454
1485        5.057823790636215e-05
1490        0.00013695997054203853
1495        0.00011875250542338269
1500        0.00010703254954222293
1505        8.134859965555519e-05
1510        0.0001734736477229799
1515        0.00018583583836949335
1520        4.476191552517818e-05
1525        0.0009240344598067706
1530        0.00018260204270795818
1535        0.00014806491581865962
1540        7.500000496598584e-05
1545        8.483511041532688e-05
1550        5.0117148239374526e-05
1555        0.0006029198928332639
1560        8.29646984713065e-05
1565        5.8519240589877285e-05
1570        0.00010637509518421104
1575        5.8713283734434614e-05
1580        7.152367422845686e-05
1585        4.548582803142592e-05
1590        4.251918080154456e-05
1595        0.00022464398622370945
1600        0.0005505880634952491
1605        0.00016859361759437706
1610        4.371825843311077e-05
1615        0.00041625671664702817
1620        8.360789918594647e-05
1625        0.0005183423020582178
1630        0.00020337966219854364
1635        0.00015057367032606767
1640        4.2119195984482286e-05
1645        0.00014674316064912257
1650        3.327039298773497e-05
1655        0.0001618516343106438
1660        0.00017487294905302103
1665        0.00011858322161614556
1670        9.466660636887145e-05
1675        4.973645402275865e-05
1680        0.00018996438775608835
1685        0.0001362418305377865
1690        0.00021353524702948099
1695        0.00012849446269898809
1700        0.00010550841022450403
1705        9.136598783900331e-05
1710        0.000155929988796695
1715        0.00010725600118299118
1720        5.8722100638491875e-05
1725        7.32197427081113e-05
1730        0.00010697663335005521
1735        0.00011007143875792914
1740        2.9667510432237187e-05
1745        0.00012195780661761752
1750        3.904244788001179e-05
1755        4.839337369054625e-05
1760        3.891673912205411e-05
1765        3.553518204128039e-05
1770        0.010592762484494372
1775        4.084686752411571e-05
1780        2.7729304359335632e-05
1785        3.5510798618345775e-05
1790        1.859774952031604e-05
1795        2.524095319605269e-05
1800        2.4288736205872183e-05
1805        2.0256173525239297e-05
1810        4.177030200219918e-05
1815        3.837197011495269e-05
1820        2.2420747739026864e-05
1825        1.849675272251901e-05
1830        1.9755037171146864e-05
1835        4.9862681728485544e-05
1840        1.1510430717751594e-05
1845        2.9020314072313953e-05
1850        4.1140993833199583e-05
1855        2.9835889548495135e-05
1860        1.0643558470953447e-05
